[app/ui]
version = 8.1.0
modtime = 1679314601.599041500

[app/launcher]
version = 8.1.0
modtime = 1679314601.609041100

[views/manufacturing_process_dashboard]
owner = nobody
version = 9.0.4.1
modtime = 1683173907.219284000

[nav/default]
version = 8.1.0
modtime = 1679315064.424701400
